MATH 601, Spring 2024 

Homework exercises from: 
Schaum's Outline of Linear Algebra by S. Lipschutz and M. Lipson. 
McGraw-Hill, 6th edition.

Week 1:
1.43, 1.44, 1.45, 1.49, 1.52, 1.53, 1.58

Week 2:
2.38, 2.39, 2.43, 2.46, 2.52, 2.54, 2.56, 2.61, 2.67, 2.69, 2.73, 2.84
3.54, 3.56, 3.57, 3.61, 3.70, 3.76

Week 3:
4.73, 4.79, 4.81, 4.84, 4.91, 4.93, 4.98, 4.101, 4.102, 4.109, 4.112, 4.114, 4.121, 4.124, 4.129, 4.131

Week 4:
5.47, 5.51, 5.55, 5.57, 5.60, 5.63, 5.66, 5.68, 5.73, 5.77, 5.79, 5.86

Week 5:
6.37, 6.39, 6.43, 6.45, 6.48, 6.49, 6.52, 6.59, 6.61, 6.64, 6.68, 6.70

Week 6:
7.58, 7.63, 7.65, 7.69, 7.71, 7.73, 7.79, 7.81, 7.86, 7.88, 7.100, 7.102

Week 7:
9.39. 9.41, 9.46, 9.48, 9.49, 9.51, 9.54, 9.57, 9.60, 9.64